10 15 2 0.0 1.0 0.0 6.283185307179586
4.6 9.2 1.0 1.0
-0.8124005786186212 -0.12482136554743889 -0.5695831164658696
0.11143064474474693 -0.9920507136218228 0.058468735356387545
-0.5723534845459365 -0.01596897946888556 0.8198514990062643
0 0 0
5
255 0 0
6.38378239159465E-16 -1.4 2.500000000000001
0.9618840210914912 -0.10012818139526022 0.254467045527208
-0.1836126664405461 0.453104428803208 0.8723432611773397
-0.20264628960693903 -0.8858164165838157 0.4174491075797682
15
0.1658312 -0.25
0.0 -0.3
0.1658312 -0.25
0.2236068 -0.2
0.2598076 -0.15
0.2828427 -0.1
0.295804 -0.05
0.3 0.0
0.295804 0.05
0.2828427 0.1
0.2598076 0.15
0.2236068 0.2
0.1658312 0.25
0.0 0.3
0.1658312 0.25
153 153 153
0.0 -0.4 0.7
0.9997034795571786 -0.007993386969119023 0.023001276617475877
0.016410251031024562 -0.4767139317243506 -0.8789053026128482
0.01799045920399179 0.8790221459466728 -0.4764414028115099
10
-0.42624900872323557 -0.44227147616978135
-0.24438276500132172 -0.05606258148631027
-0.13639968279143533 -0.018687527162103423
0.0 0.0
0.0 0.0
0.0 0.0
-0.01704996034892936 -0.11212516297262065
-0.022733280465239147 -0.11212516297262065
0.0 -0.23047950166594244
0.0 -0.2242503259452413
153 153 153
0.0 0.0 0.0
1.0 0.0 0.0
0.0 1.0 0.0
0.0 0.0 1.0
10
-0.4358899 -0.9
0.0 -1.0
0.4358899 -0.9
0.6 -0.8
0.8 -0.6
0.9165151 -0.4
0.9797959 -0.2
1.0 0.0
0.9797959 0.2
0.9165151 0.4
255 51 255
0.0 -0.4 0.7
0.9993237539011801 -0.03133425109890715 0.01924057163607492
0.0015218910840597974 -0.4875724968903664 -0.8730811784270968
0.03673851842876268 0.8725200427406795 -0.4871950905741156
8
-0.14208300290774512 -0.04360423004490799
-0.14208300290774512 -0.03737505432420685
-0.14208300290774512 -0.04360423004490799
-0.18186624372191385 -0.30522961031435614
-0.028416600581548934 -0.5232507605388962
-0.027899988494530792 -0.7950708585673076
0.0 -1.5026036796161923
0.021877982835109222 -3.812702025603267
153 153 153
0.0 0.0 0.0
1.0 0.0 0.0
0.0 1.0 0.0
0.0 0.0 1.0
6
-0.43761564895585514 0.8970013037809648
0.0 0.996668115312183
0.43193232883954535 0.8970013037809648
0.5967486122125298 0.7973344922497465
0.6649484536082475 0.7412719107634362
0.9150145387258792 0.39866724612487325
