2 10 5 0.0 1.0 0.0 6.283185307179586

1.6000000000000103 4.600000000000012 1.0 1.0

0.2112722588725606 -0.2886497088426347 -0.9338336994432899
0.5750076577034398 0.809290561478839 -0.12006240328954948
0.7903987767027998 -0.5115956730527735 0.336956437986261

0 0 0

8
196 157 202
1.5000000000000002 -1.5000000000000002 -1.5000000000000002
0.8084190786973148 0.11831785692932575 -0.576592991571901
0.39367471744147364 0.6195606015939713 0.679091214639013
0.43758291790877585 -0.7759803771257149 0.45428586184282194
15
-0.4358899 -0.9
0.0 -1.0
0.4358899 -0.9
0.6 -0.8
0.8 -0.6
0.9165151 -0.4
0.9797959 -0.2
1.0 0.0
0.9797959 0.2
0.9165151 0.4
0.8 0.6
0.6 0.8
0.4358899 0.9
0.0 1.0
-0.4358899 0.9
128 80 102
-1.5000000000000002 -1.5000000000000002 -1.5000000000000002
0.41911802100069145 0.8610188007762177 0.28807413834349493
-0.49395917698890063 0.4824588418273068 -0.7233517798492659
-0.7618033971707586 0.16087290216981423 0.6275153332043374
15
-0.4358899 -0.9
0.0 -1.0
0.4358899 -0.9
0.6 -0.8
0.8 -0.6
0.9165151 -0.4
0.9797959 -0.2
1.0 0.0
0.9797959 0.2
0.9165151 0.4
0.8 0.6
0.6 0.8
0.4358899 0.9
0.0 1.0
-0.4358899 0.9
183 6 54
-1.5000000000000002 1.5000000000000002 1.5000000000000002
0.8520685142284639 0.43531182164107657 -0.2906593624847152
-0.4237842578216244 0.2477954946692201 -0.8712085259248842
-0.3072232899424583 0.8655062164774802 0.3956170362304531
15
-0.4358899 -0.9
0.0 -1.0
0.4358899 -0.9
0.6 -0.8
0.8 -0.6
0.9165151 -0.4
0.9797959 -0.2
1.0 0.0
0.9797959 0.2
0.9165151 0.4
0.8 0.6
0.6 0.8
0.4358899 0.9
0.0 1.0
-0.4358899 0.9
201 129 246
-1.5000000000000002 1.5000000000000002 -1.5000000000000002
0.8891576835257232 0.3848493499295582 0.2475673477782653
-0.04184385178649867 0.6071245805359321 -0.7935041498169604
-0.4556837783977367 0.6951911403116878 0.5559330647994383
15
-0.4358899 -0.9
0.0 -1.0
0.4358899 -0.9
0.6 -0.8
0.8 -0.6
0.9165151 -0.4
0.9797959 -0.2
1.0 0.0
0.9797959 0.2
0.9165151 0.4
0.8 0.6
0.6 0.8
0.4358899 0.9
0.0 1.0
-0.4358899 0.9
0 167 245
-1.5000000000000002 -1.5000000000000002 1.5000000000000002
0.36691036124085546 0.3972134223710669 0.8411886137498359
-0.7958003103606203 0.6023041973919945 0.06270183277962763
-0.48174542327254405 -0.6924241120095754 0.5370942154442799
15
-0.4358899 -0.9
0.0 -1.0
0.4358899 -0.9
0.6 -0.8
0.8 -0.6
0.9165151 -0.4
0.9797959 -0.2
1.0 0.0
0.9797959 0.2
0.9165151 0.4
0.8 0.6
0.6 0.8
0.4358899 0.9
0.0 1.0
-0.4358899 0.9
84 218 169
1.5000000000000002 1.5000000000000002 1.5000000000000002
0.8424322993233062 -0.18388615593123245 -0.5064520734617237
-0.4580369798662661 0.2505852014187409 -0.8528828652897872
0.28374274639509794 0.9504698514349426 0.12687440790562546
15
-0.4358899 -0.9
0.0 -1.0
0.4358899 -0.9
0.6 -0.8
0.8 -0.6
0.9165151 -0.4
0.9797959 -0.2
1.0 0.0
0.9797959 0.2
0.9165151 0.4
0.8 0.6
0.6 0.8
0.4358899 0.9
0.0 1.0
-0.4358899 0.9
69 218 187
1.5000000000000002 -1.5000000000000002 1.5000000000000002
0.23158552428208695 0.5208852219114768 0.8216122750648404
-0.7558411310208091 0.6280409513492103 -0.18511820030878237
-0.6124314897196029 -0.578137655772923 0.5391516682504233
15
-0.4358899 -0.9
0.0 -1.0
0.4358899 -0.9
0.6 -0.8
0.8 -0.6
0.9165151 -0.4
0.9797959 -0.2
1.0 0.0
0.9797959 0.2
0.9165151 0.4
0.8 0.6
0.6 0.8
0.4358899 0.9
0.0 1.0
-0.4358899 0.9
100 204 168
1.5000000000000002 1.5000000000000002 -1.5000000000000002
0.991963070894381 -0.022592705218266805 -0.12449431976081636
-0.003325451766995859 0.9789340084160646 -0.2041498188512549
0.12648402014615612 0.20292308108585183 0.9709912542398575
15
-0.4358899 -0.9
0.0 -1.0
0.4358899 -0.9
0.6 -0.8
0.8 -0.6
0.9165151 -0.4
0.9797959 -0.2
1.0 0.0
0.9797959 0.2
0.9165151 0.4
0.8 0.6
0.6 0.8
0.4358899 0.9
0.0 1.0
-0.4358899 0.9
